Minimum ROI voxels: 24 , ROI Number: 213
Maximum ROI voxels: 460 , ROI Number: 143
Average Number of voxels in each ROI: 1.683862e+02
Standard Deviation of ROIs: 8.675992e+01
No of voxels according to ROIs
1 240
2 243
3 262
4 217
5 230
6 262
7 193
8 194
9 222
10 208
11 203
12 263
13 310
14 274
15 315
16 302
17 238
18 181
19 235
20 301
21 290
22 303
23 291
24 230
25 181
26 171
27 236
28 289
29 99
30 95
31 118
32 94
33 85
34 109
35 112
36 123
37 149
38 168
39 86
40 86
41 151
42 192
43 139
44 155
45 288
46 344
47 178
48 204
49 268
50 214
51 189
52 137
53 264
54 162
55 220
56 279
57 174
58 186
59 81
60 134
61 136
62 120
63 207
64 208
65 108
66 133
67 150
68 171
69 219
70 205
71 144
72 111
73 233
74 213
75 175
76 150
77 154
78 185
79 185
80 109
81 162
82 208
83 243
84 290
85 179
86 216
87 249
88 347
89 90
90 59
91 90
92 67
93 146
94 118
95 131
96 132
97 122
98 98
99 157
100 111
101 162
102 168
103 303
104 329
105 265
106 227
107 284
108 251
109 51
110 42
111 45
112 51
113 51
114 40
115 53
116 37
117 26
118 32
119 42
120 46
121 112
122 112
123 104
124 78
125 117
126 170
127 136
128 151
129 142
130 108
131 151
132 124
133 122
134 139
135 327
136 358
137 260
138 290
139 297
140 303
141 313
142 343
143 460
144 394
145 313
146 372
147 162
148 125
149 167
150 195
151 246
152 310
153 220
154 261
155 270
156 274
157 172
158 186
159 222
160 225
161 201
162 171
163 99
164 78
165 70
166 58
167 76
168 67
169 77
170 80
171 85
172 83
173 104
174 88
175 150
176 117
177 55
178 81
179 126
180 117
181 104
182 94
183 116
184 70
185 167
186 151
187 196
188 117
189 150
190 169
191 266
192 257
193 182
194 176
195 222
196 267
197 285
198 301
199 237
200 240
201 224
202 236
203 294
204 309
205 313
206 277
207 168
208 187
209 173
210 224
211 42
212 61
213 24
214 38
215 164
216 141
217 173
218 186
219 137
220 99
221 89
222 94
223 100
224 127
225 91
226 72
227 157
228 202
229 137
230 142
231 54
232 47
233 42
234 50
235 43
236 52
237 59
238 65
239 64
240 73
241 75
242 41
243 52
244 45
245 118
246 78
