Minimum ROI voxels: 86 , ROI Number: 213
Maximum ROI voxels: 1534 , ROI Number: 143
Average Number of voxels in each ROI: 5.718699e+02
Standard Deviation of ROIs: 2.925108e+02
No of voxels according to ROIs
1 791
2 883
3 907
4 741
5 776
6 914
7 644
8 664
9 758
10 744
11 689
12 892
13 1075
14 924
15 1089
16 1021
17 815
18 618
19 805
20 1019
21 1007
22 946
23 991
24 810
25 636
26 592
27 794
28 1031
29 327
30 349
31 384
32 320
33 318
34 374
35 381
36 412
37 471
38 557
39 280
40 273
41 518
42 630
43 536
44 491
45 926
46 1210
47 637
48 732
49 919
50 800
51 568
52 494
53 897
54 522
55 709
56 886
57 624
58 626
59 283
60 431
61 434
62 424
63 745
64 675
65 344
66 472
67 492
68 601
69 727
70 661
71 505
72 371
73 801
74 729
75 585
76 555
77 497
78 649
79 644
80 367
81 568
82 707
83 784
84 954
85 619
86 726
87 830
88 1179
89 317
90 184
91 336
92 223
93 484
94 445
95 464
96 454
97 407
98 348
99 499
100 396
101 563
102 575
103 1017
104 1111
105 899
106 801
107 952
108 890
109 175
110 143
111 153
112 159
113 172
114 134
115 179
116 120
117 93
118 130
119 148
120 157
121 319
122 351
123 353
124 290
125 386
126 541
127 478
128 503
129 482
130 375
131 502
132 452
133 391
134 464
135 1048
136 1189
137 831
138 963
139 1036
140 1052
141 1071
142 1163
143 1534
144 1332
145 1060
146 1257
147 526
148 441
149 579
150 668
151 873
152 1052
153 768
154 936
155 928
156 930
157 649
158 612
159 723
160 750
161 672
162 526
163 328
164 276
165 239
166 210
167 254
168 223
169 261
170 287
171 288
172 273
173 392
174 308
175 488
176 413
177 207
178 338
179 475
180 373
181 355
182 310
183 365
184 249
185 604
186 547
187 636
188 408
189 492
190 603
191 785
192 837
193 613
194 624
195 760
196 861
197 985
198 1033
199 837
200 858
201 751
202 807
203 995
204 991
205 1024
206 945
207 625
208 645
209 579
210 770
211 170
212 217
213 86
214 134
215 574
216 486
217 588
218 613
219 463
220 334
221 324
222 325
223 321
224 395
225 322
226 246
227 507
228 674
229 408
230 401
231 209
232 182
233 126
234 196
235 143
236 150
237 204
238 217
239 246
240 217
241 237
242 166
243 204
244 147
245 358
246 273
